1042 1083 1072 1076 1077 1081 32 1089 1086 1073 1086 1081 32 1089 1088 1077 1076 1080 32 1090 1086 1083 1087 1099 32 1089 1084 1103 1090 1077 1085 1085 1086 1081 44 32 10 
1058 1077 1073 1103 32 1082 1083 1103 1085 1091 1097 1077 1081 32 1079 1072 32 1089 1084 1103 1090 1077 1085 1100 1077 32 1074 1089 1077 1093 44 32 10 
1042 1077 1088 1100 32 1089 1072 1084 32 1074 32 1089 1077 1073 1103 32 1085 1072 1087 1077 1088 1077 1082 1086 1088 32 1074 1089 1077 1083 1077 1085 1085 1086 1081 44 32 10 
1048 32 1084 1072 1083 1086 1074 1077 1088 1085 1099 1084 32 1086 1090 1087 1091 1089 1090 1080 32 1080 1093 32 1075 1088 1077 1093 59 32 10 
32 10 
1055 1091 1089 1090 1100 32 1095 1072 1089 32 1085 1077 32 1087 1088 1086 1073 1080 1083 44 32 1078 1076 1080 44 32 1085 1077 32 1091 1089 1090 1072 1074 1072 1103 44 10 
1055 1091 1089 1090 1100 32 1083 1075 1091 1090 32 1083 1078 1077 1094 1099 44 32 49 32 1085 1077 32 1089 1085 1080 1089 1093 1086 1076 1080 32 1076 1086 32 1085 1080 1093 59 10 
1059 1084 1077 1081 32 1087 1088 1086 1097 1072 1090 1100 32 1080 32 1085 1077 32 1082 1072 1078 1080 1089 1100 44 32 1087 1088 1086 1097 1072 1103 44 10 
1042 1077 1083 1080 1082 1086 1076 1091 1096 1085 1077 1081 32 1080 32 1084 1091 1076 1088 1077 1081 32 1076 1088 1091 1075 1080 1093 46 32 10 
32 10 
1059 1084 1077 1081 32 1084 1077 1095 1090 1072 1090 1100 44 32 1085 1077 32 1089 1090 1072 1074 32 1088 1072 1073 1086 1084 32 1084 1077 1095 1090 1072 1085 1100 1103 44 32 10 
1048 32 1084 1099 1089 1083 1080 1090 1100 44 32 1084 1099 1089 1083 1080 32 1085 1077 32 1086 1073 1086 1078 1077 1089 1090 1074 1080 1074 59 32 10 
1056 1072 1074 1085 1086 32 1074 1089 1090 1088 1077 1095 1072 1081 32 1091 1089 1087 1077 1093 32 1080 32 1087 1086 1088 1091 1075 1072 1085 1100 1077 44 32 10 
72 101 32 1079 1072 1073 1099 1074 1072 1103 44 32 1095 1090 1086 32 50 32 1080 1093 32 1075 1086 1083 1086 1089 32 1083 1078 1080 1074 59 10 
32 10 
1054 1089 1090 1072 1085 1100 1089 1103 32 1090 1080 1093 44 32 1082 1086 1075 1076 1072 32 1090 1074 1086 1077 32 1078 1077 32 1089 1083 1086 1074 1086 32 10 
1050 1072 1083 1077 1095 1080 1090 32 1087 1083 1091 1090 44 32 1095 1090 1086 1073 32 1091 1083 1086 1074 1083 1103 1090 1100 32 1075 1083 1091 1087 1094 1086 1074 44 32 10 
1050 1086 1075 1076 1072 32 1074 1089 1103 32 1078 1080 1079 1085 1100 32 1088 1072 1079 1088 1091 1096 1077 1085 1072 32 1080 32 1089 1085 1086 1074 1072 32 10 
1058 1099 32 1076 1086 1083 1078 1077 1085 32 1074 1089 1077 32 1074 1086 1089 1089 1086 1079 1076 1072 1074 1072 1090 1100 32 99 32 1086 1089 1085 1086 1074 46 32 10 
32 10 
1059 1084 1077 1081 32 1087 1086 1089 1090 1072 1074 1080 1090 1100 32 1074 32 1088 1072 1076 1086 1089 1090 1085 1086 1081 32 1085 1072 1076 1077 1078 1076 1077 32 10 
72 97 32 1082 1072 1088 1090 1091 32 1074 1089 1077 44 32 1095 1090 1086 32 1085 1072 1082 1086 1087 1080 1083 32 53 32 99 32 1090 1088 1091 1076 1086 1084 44 10 
66 99 101 32 1087 1088 1086 1080 1075 1088 1072 1090 1100 32 1080 32 1085 1080 1097 1080 1084 32 1089 1090 1072 1090 1100 32 1082 1072 1082 32 1087 1088 1077 1078 1076 1077 44 32 10 
1048 32 1085 1080 1082 1086 1075 1076 1072 32 1085 1077 32 1087 1086 1078 1072 1083 1077 1090 1100 32 111 32 1090 1086 1084 46 32 10 
32 10 
1059 1084 1077 1081 32 1087 1088 1080 1085 1091 1076 1080 1090 1100 32 1089 1077 1088 1076 1094 1077 44 32 1085 1077 1088 1074 1099 44 32 1090 1077 1083 1086 32 10 
1058 1077 1073 1077 32 1089 1083 1091 1078 1080 1090 1100 44 32 1082 1086 1075 1076 1072 32 51 32 1074 32 1090 1074 1086 1077 1081 32 1075 1088 1091 1076 1080 10 
1059 1078 1077 32 1076 1072 1074 1085 1086 32 1074 1089 1077 32 1087 1091 1089 1090 1086 44 32 1074 1089 1077 32 1089 1075 1086 1088 1077 1083 1086 32 10 
1048 32 1090 1086 1083 1100 1082 1086 32 1042 1086 1083 1103 32 1075 1086 1074 1086 1088 1080 1090 58 32 171 1048 1076 1080 33 187 32 10 
32 10 
1054 1089 1090 1072 1085 1100 1089 1103 32 1087 1088 1086 1089 1090 44 32 1073 1077 1089 1077 1076 1091 1103 32 99 32 1094 1072 1088 1103 1084 1080 44 32 10 
1041 1091 1076 1100 32 1095 1077 1089 1090 1077 1085 44 32 1075 1086 1074 1086 1088 1103 32 49 50 32 99 32 1090 1086 1083 1087 1086 1081 59 10 
1041 1091 1076 1100 32 52 32 1087 1088 1103 1084 32 1080 32 1090 1074 1077 1088 1076 32 99 32 1074 1088 1072 1075 1072 1084 1080 32 1080 32 1076 1088 1091 1079 1100 1103 1084 1080 44 10 
1055 1091 1089 1090 1100 32 1074 1089 1077 32 1074 32 1089 1074 1086 1081 32 1095 1072 1089 32 1089 1095 1080 1090 1072 1102 1090 1089 1103 32 99 32 1090 1086 1073 1086 1081 46 32 10 
32 10 
1053 1072 1087 1086 1083 1085 1080 32 1089 1084 1099 1089 1083 1086 1084 32 1082 1072 1078 1076 1086 1077 32 1084 1075 1085 1086 1074 1077 1085 1100 1077 32 10 
1063 1072 1089 1086 1074 32 1080 32 1076 1085 1077 1081 32 1085 1077 1091 1083 1086 1074 1080 1084 1099 1081 32 57 32 1073 1077 1075 44 32 8212 10 
1058 1086 1075 1076 1072 32 1074 1077 1089 1100 32 1084 1080 1088 32 54 32 1090 1099 32 1087 1088 1080 1084 1077 1096 1100 32 1082 1072 1082 32 1074 1083 1072 1076 1077 1085 1100 1077 44 10 
1058 1086 1075 1076 1072 44 32 1084 1086 1081 32 1089 1099 1085 44 32 1090 1099 32 1073 1091 1076 1077 1096 1100 32 1063 1077 1083 1086 1074 1077 1082 33 
